(2013 277,(0.0,-0.010000229))
(2013 278,(0.0,-0.010000229))
(2013 279,(0.0,-0.010000229))
(2013 280,(0.0,-0.010000229))
(2013 281,(2.7000003,-0.010000229))
(2013 282,(4.715,-0.010000229))
(2013 283,(4.042,-9.999275E-4))
(2013 284,(3.4650002,0.119999886))
(2013 285,(2.251,-0.010000229))
(2013 286,(3.1029997,-0.010000229))
(2013 287,(2.4360003,-0.010000229))
(2013 288,(2.2700005,-0.010000229))
(2013 289,(2.717,-0.010000229))
(2013 290,(1.7660003,-0.010000229))
(2013 291,(1.6100001,-0.010000229))
(2013 292,(0.0,-0.010000229))
(2013 293,(1.8699994,-0.010000229))
(2013 294,(0.0,-0.010000229))
(2013 295,(0.0,-0.010000229))
(2013 296,(4.171,-0.010000229))
(2013 297,(4.433,-0.010000229))
(2013 298,(1.5100002,-0.010000229))
(2013 299,(3.6810002,-0.010000229))
(2013 300,(4.0610003,-0.010000229))
(2013 301,(4.1119995,-0.010000229))
(2013 302,(4.5379996,0.0))
(2013 303,(4.056,-0.010000229))
(2013 304,(4.724,-0.010000229))
(2013 305,(5.02,0.16499996))
(2013 306,(5.236,-0.0010001659))
(2013 307,(5.3450003,1.769))
(2013 308,(4.31,0.23899984))